% Laser to Camera calibration parameters (I optim stage) 
% 11-May-2017 20:18:19
% 
% Transformation matrix specifies laser coordinate frame
% in the reference frame of the camera
% 
%-- Translation vector (t)
t = [ 0.240890 ; -0.776373 ; -1.731524 ]
%-- Rotation matrix (R)
R = ...
[ 0.014908  -0.998725  -0.048230 ;...
  -0.001001  0.048220  -0.998836 ;...
  0.999888  0.014939  -0.000281 ]
